8579983: 15574, 234, 196
8358937: 134688, 2046, 50
9667507: 60001, 336, 50
13925599: 21541, 96, 50
14145121: 5370, 95, 50
8028323: 14752, 230, 50
11825423: 68729, 200, 50
10710439: 18741, 52, 50
9310381: 234417, 3062, 50
13799449: 28138, 164, 50
8118349: 20320, 134, 50
9297703: 44569, 164, 50
12072629: 10806, 163, 50
10922983: 13712, 376, 50
8059159: 75594, 106, 50
5720623: 37517, 151, 50
7887863: 139469, 361, 50
10276583: 195336, 203, 50
8992829: 335033, 793, 50
12407539: 20563, 101, 50
5893991: 72387, 229, 50
8918491: 15858, 346, 50
13560181: 10996, 166, 50
9326417: 263975, 2861, 50
5681537: 21904, 500, 50
6880463: 15071, 167, 50
5639329: 7037, 220, 50
10434737: 8588, 319, 50
9318187: 77238, 209, 50
6161011: 55672, 320, 50
7829147: 208748, 305, 50
7151269: 6978, 110, 50
12882899: 67966, 173, 50
5778937: 59344, 477, 50
6342437: 52007, 257, 50
8276357: 362431, 2262, 50
8548753: 220134, 160, 50
5741777: 30826, 188, 50
7612271: 9167, 318, 50
8359691: 128400, 841, 50
13322783: 52718, 162, 50
8748083: 6736, 84, 50
10881097: 9068, 445, 57
7910603: 64042, 657, 50
7086901: 145760, 266, 50
10185047: 58345, 231, 50
11963741: 32909, 407, 50
11139781: 12508, 161, 50
6890759: 15845, 493, 50
9801007: 16804, 224, 50
