621284030533: 141913446, 115054, 50
846236095217: 74701, 459, 50
570763372007: 197800889, 89521, 50
430352999449: 13079799, 36043, 50
470756886953: 61754766, 90853, 50
568324240181: 27680857, 55244, 50
396569593243: 37196420, 72326, 50
705335739209: 70971821, 132629, 50
415679042719: 20840919, 41555, 50
662655501029: 63305320, 62051, 50
648245624681: 4822543, 13464, 50
707812482467: 90743038, 105147, 50
592501215469: 22637300, 42965, 50
512576617601: 30550751, 49840, 50
421259558257: 7970144, 18003, 50
405610312423: 8762447, 24820, 50
346544657051: 1685603, 3290, 50
512740010297: 146784140, 189889, 50
660025562093: 1641499, 7344, 50
705993339307: 59066453, 63783, 50
646638566723: 28609727, 49138, 50
322785066931: 1982225, 8689, 50
631930812451: 65231379, 77257, 50
537642077509: 82649401, 84458, 50
362920581887: 5808717, 10158, 50
553298561183: 21077851, 44134, 50
378222579337: 13379110, 30367, 50
752398182103: 45406249, 55659, 50
624717899899: 93094049, 48830, 50
920631793369: 4894795, 22501, 50
564203389963: 77146717, 103324, 50
375755540749: 20807195, 38257, 50
457311879257: 9089832, 37670, 50
416154331687: 40374862, 83405, 50
660034907533: 83617625, 83004, 50
806755752071: 37255051, 59488, 50
534903295169: 193202125, 185546, 50
779224133453: 668887, 6293, 50
834627570001: 9911189, 29034, 50
907074512957: 14298000, 29477, 50
849024650731: 31969087, 65026, 50
484307273599: 9469185, 23187, 50
681143019653: 111815337, 103306, 50
484630772323: 51741474, 63907, 50
365254940093: 899408, 3982, 50
707345442409: 60334352, 78952, 50
283710072343: 112354, 1241, 50
728797964137: 3749267, 11352, 50
687125084417: 7130446, 16573, 50
463117507943: 23886, 317, 50
