1833545723: 3562792, 18265, 50
1816969933: 2821517, 9862, 50
1669173179: 3363614, 15479, 50
3339032677: 115589, 785, 50
2369298947: 7093642, 22847, 50
2472472477: 2951826, 10495, 50
2016115523: 4598848, 13972, 50
2627916637: 207768, 1253, 50
2410525813: 148736, 349, 50
1622393639: 128135, 780, 50
2457818413: 9510, 257, 50
1249305433: 11963, 248, 50
1899998699: 10999, 141, 50
1964743909: 4662239, 6776, 50
3124162871: 1985744, 8399, 50
2179185247: 4066614, 12848, 50
1604095421: 2546433, 7424, 50
1484550631: 283212, 2203, 50
1637675903: 925129, 5913, 50
2190373319: 37563, 326, 50
2052834053: 5474424, 11704, 50
3157446293: 291085, 1671, 50
1854848693: 830142, 3524, 50
3370775431: 82991, 1338, 50
1566987343: 839996, 723, 50
1533766147: 2040166, 5650, 50
1389060377: 89547, 608, 50
1736914969: 3207943, 11114, 50
2409478343: 23000, 266, 50
2620219891: 841389, 1788, 50
3034488707: 536558, 1133, 50
2145754561: 1535049, 4838, 50
2199933493: 4117440, 16695, 50
1742083703: 35114, 442, 50
2326316593: 465449, 1826, 50
1423617691: 694861, 4182, 50
3865957867: 180193, 1071, 50
2518212001: 2731160, 14607, 50
2537142661: 38609, 350, 50
2165419703: 9233998, 20492, 50
1997246333: 3911670, 11712, 50
2113525633: 2949339, 11822, 50
2178667679: 1223297, 5241, 50
1271847331: 15677, 290, 50
1975799201: 7413616, 15553, 50
1706122421: 943840, 5741, 50
3478348319: 431838, 1518, 50
3910850033: 50952, 113, 50
1827200107: 2943366, 9044, 50
2877968491: 32242, 390, 50
