72091247247013: 2896291, 8179, 50
156027316145843: 879034375, 209205, 50
246806798198417: 114662898, 138105, 50
115257460073549: 1210408385, 219282, 50
195500958656761: 98774599, 95959, 50
155736209809559: 358625864, 138434, 50
214112509179697: 374576897, 174872, 50
147488278337753: 2608421337, 736246, 50
124395593421773: 1184887332, 310578, 50
147328108948519: 58402955, 44336, 50
112925768634407: 1049737403, 211794, 50
236859520009939: 221555306, 105513, 50
120838353439163: 776611958, 204072, 50
141924047326027: 3692953517, 458263, 50
255654511266289: 781246, 1684, 50
96158747522881: 645512437, 254646, 50
195768775460543: 215884106, 145038, 50
140859003892259: 4334260292, 395212, 50
141324070971191: 1078299708, 284258, 50
149128132795099: 1864052520, 292511, 50
182878859066297: 151263907, 148516, 50
178566920400361: 1110639275, 232437, 50
124920489726089: 468801661, 208179, 50
254478784151639: 224596, 1704, 50
175638234518387: 944697184, 232143, 50
182451292454411: 1355837095, 270678, 50
116070671462651: 24495583, 74334, 50
144102035864719: 426330184, 214702, 50
205339633335077: 653522978, 404854, 50
137685427218083: 203461095, 163221, 50
169162185924841: 961345555, 152004, 50
164147821651001: 2751613810, 347732, 50
185018521767367: 818111016, 203857, 50
143961621175321: 962774002, 207612, 50
135666469448207: 1592377101, 282331, 50
173730561770333: 1564109493, 385176, 50
154821358324627: 2881092338, 1519797, 50
249369586024343: 27571737, 46682, 50
196090172115997: 23272183, 36650, 50
183249583676911: 1133775531, 254602, 50
132908864351617: 363601245, 187102, 50
207511950384703: 686259400, 216956, 50
129924452850083: 698819672, 206557, 50
156175219441909: 295585200, 157045, 50
75056035185991: 18982618, 41712, 50
188003042603867: 697991596, 222044, 50
219106292082347: 167588676, 127808, 50
172683709401607: 5731262, 41839, 50
136733970211079: 232581343, 141567, 50
144431976021871: 1162206364, 242455, 50
