59581689880446193: 2500498196, 362815, 50
37279409000136857: 43045143386, 2720655, 50
45516381826039127: 14725196246, 1047710, 50
40676900103641827: 27903191335, 3355818, 50
38883572340380611: 6172371477, 829536, 50
59190893952325169: 3214628695, 273943, 50
57763343596905143: 7774553027, 709061, 50
46483920114654089: 40206005338, 39771281, 50
50928649282185133: 1468372738, 254845, 50
62005815844226159: 51616137, 73655, 50
36405869422742803: 66189396012, 3871646, 50
51098849173554527: 45028497, 79193, 50
42308169981488711: 39559686836, 3021455, 50
66431610454495387: 240423292, 146832, 50
29800976648014823: 1416397779, 241063, 50
43658527966763081: 437709074, 234726, 50
27797453028013943: 1448983970, 249155, 50
39438475435161199: 8057251113, 1016820, 50
45431957768461763: 17926144116, 4082424, 50
37200109752723067: 18245609163, 1795139, 50
55749940905566183: 214890776, 146122, 50
34460868391903633: 8851060540, 887038, 50
42815182956413953: 5150622916, 497125, 50
34096918493312407: 1502920939, 231036, 50
30744287912048713: 3516394840, 473269, 50
40040546173846573: 52097668574, 19010644, 50
61274107671272851: 772493782, 243500, 50
34489879580640691: 1754628317, 267294, 50
38377763702567447: 36426571967, 2592699, 50
38845008832900007: 2514725705, 373620, 50
32297848580588807: 19988018932, 1533067, 50
47280143044668799: 17785167476, 2434773, 50
44214842306812787: 8498630768, 1360707, 50
24665749335717307: 3790447836, 402424, 50
37898786974712243: 16467323336, 1435033, 50
51710514429848093: 7440640059, 650608, 50
50322638173048061: 19454796800, 1287865, 50
44680074554140979: 35035394991, 2733621, 50
47080827210747181: 2887466488, 331889, 50
43169798623797913: 33381069559, 2453943, 50
35851977122083643: 3857349537, 1399233, 50
54698209386263741: 16214953082, 1231774, 50
24290769556788461: 1546270940, 359423, 50
26370517718363407: 124470404, 134221, 50
33545465773406437: 34603723785, 32516092, 50
29899407100464017: 1510498874, 1656262, 50
49559046310227977: 17650575825, 22403077, 50
27244524187363051: 577397959, 186131, 50
51745181058003463: 365572605, 197638, 50
58380013795706429: 473957726, 168179, 50
