53297: 18951, 304, 500
63001: 11387, 324, 144
34579: 19162, 418, 157
37627: 7293, 244, 50
47941: 8177, 112, 50
45649: 6677, 91, 50
22879: 6664, 231, 50
37627: 5637, 96, 50
38293: 16715, 505, 500
46517: 8695, 74, 91
29213: 12300, 101, 50
50621: 4901, 73, 50
39917: 6073, 82, 50
45649: 8214, 308, 50
49087: 8355, 202, 50
32899: 5080, 75, 50
54227: 6817, 126, 50
43423: 10517, 356, 50
51143: 6116, 54, 50
26219: 6131, 244, 50
33673: 8124, 59, 50
47897: 6774, 214, 50
26989: 8020, 184, 50
42593: 5806, 129, 50
54227: 5909, 76, 50
35237: 8108, 296, 50
57479: 5042, 89, 50
46517: 9937, 268, 50
24287: 5623, 174, 50
59989: 5066, 85, 50
34189: 5273, 113, 50
29353: 7389, 254, 50
28199: 4670, 71, 50
31439: 8830, 288, 50
38957: 8612, 75, 50
38911: 10460, 337, 50
31309: 17028, 232, 50
54227: 5474, 41, 50
53297: 4720, 63, 50
28459: 7666, 307, 50
40633: 5762, 59, 50
55687: 7181, 279, 50
54227: 6008, 85, 50
54227: 7080, 275, 50
35263: 6156, 205, 50
30997: 12722, 543, 50
25807: 9617, 336, 50
55973: 6288, 235, 50
47083: 5894, 61, 50
45113: 6760, 290, 50
