107946946072997: 2894005, 79421, 50
146431995937933: 3080847, 114169, 50
195645816571937: 3099381, 112938, 50
189023402614301: 2758321, 115530, 50
210400243661893: 3296710, 121434, 50
171515534946257: 3204392, 133691, 50
196721915563219: 3230836, 113783, 50
131160919702391: 3155126, 115476, 50
123705234316379: 2570702, 102961, 50
147640632052363: 2653664, 105553, 50
139740437961233: 3313398, 120864, 50
107523659514101: 2736705, 97790, 50
117729112165123: 2555907, 109434, 50
228847408685993: 3288939, 100672, 50
184798882525363: 3158289, 129346, 50
104538576857131: 2963925, 102036, 50
76568828688017: 2682775, 102335, 50
93552937190347: 2685323, 89312, 50
167168175316507: 2815393, 108801, 50
252567230022277: 3165313, 122149, 50
103394202033173: 2973647, 119592, 50
264151090316801: 3474043, 130269, 50
80273952282637: 2413141, 74513, 50
101776510311419: 3008961, 109262, 50
180989332715651: 3285752, 119250, 50
135517720347481: 2681794, 107436, 50
244725077862631: 2995419, 115198, 50
109406105017639: 2603598, 95250, 50
140410191379433: 2913379, 105005, 50
215708276040847: 3049236, 119749, 50
76198789869343: 2619451, 108188, 50
148090543006751: 3124277, 108889, 50
127146832918037: 2946626, 115244, 50
92041259212843: 2784762, 106739, 50
199495873680611: 2876310, 109126, 50
240834993281437: 3641943, 130843, 50
95838096756011: 2815270, 115434, 50
164263872783853: 3024386, 132600, 50
141512089277249: 3012059, 111740, 50
144289647691213: 2588697, 89532, 50
157998259843339: 2742105, 111923, 50
103867286031097: 2497599, 90525, 50
196772587711253: 3178826, 142575, 50
163892178289129: 3052532, 131629, 50
197883579399227: 2949272, 123134, 50
165217781980831: 3617835, 114590, 50
220976213546713: 3486814, 137512, 50
143385080422447: 2740608, 99717, 50
257159723697341: 4092772, 186034, 50
123391906412783: 2961560, 94072, 50
