9530527: 26039, 375, 500
8480057: 21911, 635, 50
7871657: 19657, 620, 50
12897553: 25719, 851, 50
8888141: 28602, 751, 50
7412939: 26601, 915, 50
11731567: 35395, 1279, 50
6826037: 19793, 605, 50
15737089: 33952, 998, 50
9188513: 20387, 605, 50
8010697: 23566, 692, 50
7513061: 20397, 564, 50
7930739: 20073, 588, 50
8960779: 26531, 984, 50
14044403: 23247, 748, 50
6129047: 18518, 597, 50
5573419: 21105, 614, 50
7916989: 23164, 770, 50
8287183: 20174, 626, 50
12898481: 25062, 729, 50
6887597: 21104, 813, 50
5552587: 21259, 629, 50
8443451: 30020, 1092, 50
9516649: 25440, 921, 50
11401499: 25533, 810, 50
7722433: 22738, 676, 50
9296057: 24618, 864, 50
7374541: 20322, 659, 50
10203799: 24651, 710, 50
8435909: 22343, 654, 50
10338347: 24369, 778, 50
14303083: 22711, 629, 50
10571983: 22872, 734, 50
8319403: 19921, 460, 50
9423917: 25071, 869, 50
9138473: 24127, 653, 50
9223087: 22011, 666, 50
9272981: 20628, 871, 50
7144073: 23384, 665, 50
11926513: 23117, 587, 50
7416527: 25027, 865, 50
12387923: 22028, 605, 50
7839577: 22630, 931, 50
8957831: 22527, 709, 50
10899523: 24177, 716, 50
7771367: 22882, 581, 50
15535139: 25398, 832, 50
11329561: 21582, 812, 50
6614821: 21803, 694, 50
11854723: 24458, 606, 50
