1608452089: 120747, 3858, 50
3321419813: 124068, 5312, 50
1921892383: 77330, 3039, 50
1762312897: 71259, 2830, 50
2120047213: 72840, 2703, 50
1961552251: 78784, 2671, 50
3277149919: 90651, 3092, 50
2259820949: 74461, 2590, 50
1171389299: 58241, 2154, 50
2197481603: 82738, 3049, 50
2147930557: 73264, 2883, 50
2883008633: 77794, 2814, 50
2989848767: 77124, 2566, 50
2004279569: 79827, 2663, 50
3462819769: 90616, 3896, 50
2636100647: 75701, 2773, 50
1630815929: 78498, 3024, 50
3631818241: 92625, 3648, 50
2305885807: 81667, 2492, 50
1248476077: 62331, 1877, 50
2436476561: 79865, 3269, 50
3326760223: 91223, 3036, 50
2869408211: 86646, 2731, 50
2337164647: 75178, 2390, 50
3157449739: 82323, 3500, 50
2451340033: 85922, 2916, 50
3775808011: 83594, 3195, 50
1900867447: 72591, 2777, 50
3242191291: 85281, 2939, 50
3272084659: 93757, 3019, 50
2601598039: 91944, 3444, 50
1757751043: 77987, 3324, 50
1848148439: 70291, 2642, 50
1358512193: 71871, 2530, 50
1974122993: 70049, 2314, 50
2190376913: 85586, 2702, 50
2809493161: 85570, 2853, 50
3506971603: 97185, 3141, 50
1733683283: 76672, 2356, 50
1356397321: 73178, 2502, 50
1302646511: 66834, 2558, 50
1572650069: 71796, 2295, 50
3103743683: 94842, 3223, 50
2415316249: 81133, 2660, 50
3274940063: 96075, 3281, 50
1823004283: 78204, 2341, 50
2251215007: 75834, 2798, 50
2258972929: 78516, 2745, 50
1975065167: 70924, 2690, 50
2684382401: 71405, 2701, 50
