49729: 45334, 1326, 57
29987: 30718, 1297, 50
23393: 24837, 934, 50
43423: 13095, 227, 196
20413: 15006, 723, 57
27641: 10581, 333, 50
47083: 9985, 420, 169
28907: 8250, 219, 50
34571: 7013, 168, 50
38957: 9660, 283, 50
37769: 7949, 240, 50
43931: 9246, 362, 50
38293: 8474, 203, 50
30551: 9902, 472, 133
58483: 9192, 202, 50
35011: 10105, 370, 50
41917: 8555, 240, 50
29737: 9208, 412, 50
46003: 7812, 182, 50
17947: 8221, 326, 50
44521: 11376, 368, 50
33043: 9000, 301, 183
31439: 9600, 445, 100
25591: 6710, 164, 50
21877: 7150, 199, 50
58081: 9255, 264, 50
43357: 9698, 328, 50
43423: 8176, 240, 441
34393: 6943, 188, 50
37769: 9405, 335, 50
52961: 7508, 192, 50
37399: 8253, 293, 50
54253: 8909, 328, 50
41567: 9353, 362, 50
47941: 8351, 229, 50
44377: 8819, 271, 50
25591: 8921, 292, 50
37901: 10836, 364, 50
48443: 7681, 162, 50
34189: 7703, 195, 64
31439: 10868, 395, 50
36481: 9384, 273, 50
34571: 8012, 262, 50
32041: 8018, 269, 50
20413: 8860, 369, 50
31313: 6623, 161, 50
20687: 8705, 367, 50
21353: 7526, 225, 50
39407: 8190, 197, 50
40913: 8202, 221, 50
