31044138957184021: 12915326, 430561, 50
22733187235491443: 11995923, 413168, 50
33460954143088909: 12537249, 400173, 50
68236631282518199: 13825961, 548749, 50
39235081547753479: 12900240, 463089, 50
36884492775935407: 13547466, 579791, 50
55160769046748503: 15258368, 578835, 50
20597304477265567: 10520372, 474431, 50
32497955617789927: 13333755, 554770, 50
41331462722085643: 14151979, 552903, 50
26692727981025053: 12243702, 469085, 50
40189147793924539: 13635550, 453656, 50
32049940238559259: 13122359, 573101, 50
36302273163082681: 13320450, 496118, 50
29085636262058983: 11503256, 473411, 50
49770630919024963: 13422486, 525932, 50
22736326027748261: 10836200, 371403, 50
41382659959135003: 14842858, 600949, 50
41580203869782241: 14287858, 477324, 50
53844012159633253: 12365258, 485293, 50
33330804090718747: 14422199, 516809, 50
38168282078004751: 11821569, 468356, 50
43019295736437941: 14288950, 465985, 50
28927497976570651: 11396365, 490866, 50
50879767883357033: 13897231, 439038, 50
57745309507954967: 16688068, 592993, 50
26127261714928873: 13028980, 432432, 50
42121183023391691: 12259883, 541675, 50
54130275374277593: 14118185, 540548, 50
32415933849177061: 12228813, 462917, 50
55753927924236739: 14450152, 445165, 50
47133050034684857: 11952780, 482558, 50
31469232271976347: 11621895, 497784, 50
65069850763892441: 15722959, 601080, 50
54374858629625647: 13850700, 549083, 50
23878503946485653: 10641763, 417836, 50
33088262758134281: 12118812, 397003, 50
35164819624926359: 12859057, 487459, 50
25390647469465709: 12326448, 466723, 50
37583769062713399: 13908590, 533155, 50
42710677933710707: 13688309, 403604, 50
40813092617596193: 10831845, 449588, 50
33086969162592497: 13305017, 415812, 50
54201893177488171: 15670231, 625664, 50
27596095616272361: 12558044, 416748, 50
40956812481501617: 11866298, 505017, 50
57119279653531327: 15183453, 594725, 50
40317081803957293: 14350378, 518361, 50
26307135615044363: 11863505, 487465, 50
54666070939321159: 15687754, 596890, 50
