517642560373: 644299, 19509, 73
764414388587: 793918, 28438, 50
621793096307: 753516, 32723, 50
822676314829: 687693, 25994, 50
880964709497: 828577, 28858, 50
796734568667: 733424, 28778, 50
432950015287: 666998, 23881, 50
410111124707: 628938, 26779, 50
571119798797: 834971, 28573, 50
907572060251: 756925, 25090, 50
706760584711: 823321, 28045, 50
489003081299: 620801, 20143, 50
582759915449: 688369, 26360, 50
938693888927: 644849, 25815, 50
634027278161: 701398, 22052, 50
859162283269: 684338, 25377, 50
383860686047: 653628, 23637, 50
712128798791: 784326, 31931, 50
418368813979: 608157, 19848, 50
485897273831: 620331, 23696, 50
886095374981: 740084, 27347, 50
499306510081: 650662, 24760, 50
397396743223: 593934, 22066, 50
459011590507: 679358, 26118, 50
481176515753: 676365, 28289, 50
841454250389: 828070, 29213, 50
729272660947: 781748, 29463, 50
631856747003: 665201, 24884, 50
845917611283: 686767, 26896, 50
556378088621: 665697, 26114, 50
839257090757: 727041, 28995, 50
356970446099: 567172, 21502, 50
533034587507: 639773, 21381, 50
487695233219: 703274, 23681, 50
469210380559: 673462, 25989, 50
409806371131: 556978, 25938, 50
723794255531: 673414, 25943, 50
555123718291: 698280, 28911, 50
1014472963057: 821893, 28408, 50
626617131373: 615509, 20326, 50
497870606549: 712587, 27932, 50
602302071167: 689844, 27796, 50
437924658797: 617045, 26425, 50
440585362249: 602529, 24497, 50
443746808809: 611379, 25056, 50
475454178781: 683115, 28626, 50
672108063323: 669682, 23888, 50
755868178817: 667591, 30711, 50
661231368697: 809121, 32561, 50
841298630323: 771597, 26391, 50
