223742221492303: 2366288872, 6379220, 50
254356569127889: 3514870554, 12324727, 50
200581077724673: 3054377056, 10930204, 50
142878265236067: 3917574840, 9625395, 50
152571997928351: 2729546186, 6288298, 50
226180923864227: 2028504011, 3518870, 50
173355741039629: 3130996954, 9426279, 50
179611789831937: 2641688871, 9145824, 50
133723367389393: 3055922742, 12700461, 50
188992474346587: 2565247510, 6764789, 50
170072632948661: 3314873854, 8812591, 50
165031886193557: 2155697414, 6563696, 50
122232440571827: 1780975415, 3064417, 50
230180064160511: 2077072066, 4969636, 50
128372699747627: 1998746324, 2640942, 46
233738871284077: 2452811157, 8068589, 50
176602294636193: 2407407053, 8843281, 50
118097880690593: 2502413233, 8139222, 50
120092472850013: 1684196433, 4156126, 50
144467635640177: 2900562753, 9563440, 50
112594501619647: 2002729315, 5688526, 50
126045020064401: 3720882973, 12209432, 50
201970819106843: 2083152984, 3608161, 50
197631569174701: 4475626675, 17584553, 50
146178447680053: 2393014917, 6699032, 50
90014178329743: 2081578147, 5692353, 50
159512318229883: 1985964359, 4956526, 50
200383208898083: 2088864247, 4294514, 50
85757487506711: 2309245054, 5079622, 50
135455537944919: 2498351355, 3526163, 50
167478752930219: 2358976401, 4550440, 50
213751351268687: 2586163634, 4614886, 50
197972536092101: 3465683520, 10047723, 50
277112089923293: 2527513510, 6907468, 50
113013222400693: 2814092297, 8702628, 50
170737382477573: 2061084357, 4941481, 50
222758099950307: 2700077576, 5343485, 50
111339195145051: 2677409883, 8322295, 50
152921130907009: 4376895041, 16845020, 50
176046277587421: 2753012723, 8527932, 50
193568119612267: 2770340008, 7925883, 50
114814442508737: 2523712918, 8162209, 50
172416057177257: 2597214194, 8830435, 50
187760402333033: 3047128261, 9434790, 50
225482433104653: 3254488394, 9765743, 50
116628251778403: 2522929913, 5829382, 50
229188733913023: 2433157985, 4996565, 50
154300983030121: 5777862488, 25578147, 50
246331207635517: 3681563595, 5817210, 44
201098457913637: 2686221475, 2089023, 50
