11295073: 46436174, 1156026, 43
6411107: 36035093, 64715, 50
10303847: 39150364, 72992, 50
12407539: 45405596, 61200, 50
10742377: 41276412, 87557, 50
5619641: 38216486, 60665, 50
13032091: 41121811, 125950, 50
9278371: 42217824, 71341, 50
8995517: 40130947, 128008, 50
8436583: 39773288, 60960, 50
9934523: 38934004, 66903, 50
10644059: 39806285, 82306, 50
7439837: 32494265, 52496, 50
5516239: 39640285, 67557, 50
13021369: 46489492, 76486, 50
9219643: 39543700, 70417, 50
6836801: 36900237, 71743, 50
8099009: 36954970, 70389, 50
7286749: 38704582, 90534, 50
7644869: 39481154, 128177, 50
7608481: 37639019, 75488, 50
9120499: 40814823, 91971, 50
8871481: 42305194, 75390, 50
8547577: 41860048, 69206, 50
8633791: 42644892, 54167, 50
10836601: 45707523, 97563, 50
6394753: 38557351, 70462, 50
6080803: 37723482, 58784, 50
12506419: 47582800, 87945, 48
13106729: 43235050, 60308, 50
13564987: 38284277, 167075, 50
11106233: 40358681, 59219, 50
9880957: 42932633, 92682, 44
11087029: 43776473, 246200, 47
7370513: 33758268, 55607, 50
7667321: 36865307, 64056, 50
9677627: 38016979, 54291, 50
7239451: 39284130, 86492, 50
7082279: 35366808, 49142, 50
14342401: 42962531, 66291, 50
4494319: 39299430, 151679, 50
6674713: 36716923, 67945, 50
7914097: 37268729, 74516, 50
7285717: 37908170, 73241, 50
8901527: 36150212, 75625, 50
8544323: 43629001, 66257, 50
5857811: 36057087, 69465, 50
14005379: 38860764, 334411, 48
13114589: 38925241, 55161, 50
14528153: 37824330, 81664, 50
12798119: 40173618, 80106, 44
6726757: 37842642, 76752, 50
13513273: 41981455, 74085, 50
9361199: 43584108, 109774, 50
8083583: 35928778, 71509, 50
6210293: 37844429, 73008, 50
10145951: 36938394, 69343, 50
7522943: 35627528, 57232, 50
13129651: 39995996, 59860, 50
5398021: 37356061, 83505, 50
12759829: 42770733, 62172, 50
7499473: 38952459, 67599, 48
15600979: 43150879, 52364, 50
15871967: 38414505, 44589, 45
14037883: 41160470, 66839, 50
5853103: 37125319, 66085, 50
9427867: 42796491, 59932, 50
7592083: 38482475, 49218, 47
10351981: 43930185, 51769, 50
8736319: 43229652, 72232, 50
5749391: 37864474, 55651, 47
11971283: 41836382, 139205, 50
11657071: 43083302, 67279, 50
13076411: 38443542, 59735, 50
10920109: 44329101, 74990, 50
6168887: 37047254, 176629, 50
10466021: 47357357, 539757, 50
12220759: 41216185, 70728, 50
13515569: 42648829, 55282, 50
14645893: 41902089, 57649, 50
8740651: 40883810, 62039, 50
7715413: 38995155, 60986, 50
8951993: 39135427, 65948, 50
6114809: 38423446, 60450, 50
11475319: 43399459, 74196, 50
9833767: 43470472, 73128, 50
11954681: 44886448, 45483, 47
10540241: 39557900, 62893, 50
7558657: 39049267, 70258, 50
5954911: 40336908, 79004, 50
11833813: 44890232, 64502, 50
8662207: 41409486, 51720, 50
6873947: 36631692, 66854, 50
6604159: 38807539, 45690, 50
8322011: 36839436, 56392, 50
6807917: 35373174, 152825, 50
9854359: 44132351, 405420, 50
13423807: 38133719, 59244, 50
5747627: 34739915, 49587, 50
14199127: 37571151, 65114, 50
