510485669003: 585286978, 629097, 50
503517461563: 663554844, 791337, 50
387667685413: 648028828, 626423, 48
706810158479: 616287850, 581436, 50
652735493117: 815437919, 916177, 45
886457574889: 1113959443, 2258878, 50
434497696631: 692948980, 727522, 50
603996583247: 726456482, 623506, 45
595069876913: 930236964, 632220, 41
644098548143: 675648032, 768730, 48
524961682943: 518523764, 390737, 48
601512498971: 615594003, 625284, 50
415867304537: 700084380, 556091, 47
475687748917: 621338407, 613967, 49
598923981707: 631725986, 580893, 49
454438966591: 1056009148, 1550710, 42
733036050431: 728244398, 958286, 48
878600304427: 666503296, 650754, 50
685767285059: 724415348, 862667, 50
808884337633: 1008729420, 2094562, 50
516594674027: 614287149, 535989, 49
819051160607: 783503173, 1171887, 50
603678407099: 906147887, 785022, 41
491819609587: 646809327, 784414, 50
479357848243: 860633435, 759154, 44
489027779827: 658282640, 413752, 42
730701959371: 762458816, 1193016, 49
494692743451: 943950548, 1345311, 50
459346773181: 840300675, 570892, 45
883852623803: 609980748, 531600, 46
451711186463: 631176159, 428539, 46
930737636693: 649044708, 698477, 47
749152781639: 661756881, 701288, 50
544679181521: 774652700, 608273, 43
682079627569: 1117233888, 1448719, 49
920182912843: 777921484, 549869, 43
744873988273: 1094151523, 1829312, 50
878329564249: 1281417583, 1773273, 42
649359469897: 755606935, 696447, 47
469312660211: 734365577, 614612, 44
500594423519: 757560577, 780420, 48
649063931057: 957267245, 737545, 41
577523787047: 628346104, 698528, 50
748104688267: 649999364, 871713, 50
699238124551: 961417996, 957338, 44
468982324319: 627279825, 653336, 50
738007820357: 822233076, 755336, 42
613403592877: 912534911, 1551680, 50
630359795831: 795668714, 1123757, 49
809941865497: 964177132, 1525011, 50
