1393088621: 84394418, 128806, 50
2875036951: 233071659, 389055, 45
1722430751: 83770094, 124492, 50
1546361183: 81523906, 404894, 50
2406814129: 310260832, 439354, 50
3002134357: 221178619, 216666, 50
1785863581: 91786450, 93597, 50
3568299877: 233632713, 195522, 50
3733040819: 237617958, 243421, 50
2928221431: 312742129, 358312, 50
1844055379: 90475058, 110868, 50
2621204393: 205534794, 199066, 50
2624220737: 233426700, 243846, 50
1535046479: 86624977, 99566, 50
2614906453: 252273290, 301632, 50
1421405927: 79116113, 104424, 50
2511376139: 220838574, 217939, 50
1715905837: 91253663, 105688, 50
1820047577: 82282932, 91167, 50
1903154863: 82494206, 107298, 50
1873690229: 86054875, 103432, 50
1836027467: 87625893, 98955, 50
2715371797: 241927708, 261272, 50
2862287641: 289175511, 247995, 50
1536972793: 97182868, 187096, 50
1539167767: 87329628, 93054, 50
1971186799: 91982045, 103080, 50
2341058963: 227028846, 158985, 50
2723065811: 265143432, 234835, 50
2018422457: 94133130, 319640, 50
2131092553: 90080844, 145769, 50
1967528999: 90882025, 102454, 50
3295528441: 399879810, 458222, 50
3483096943: 277732014, 197085, 50
1690044751: 88479668, 112628, 50
1297546609: 98861145, 131023, 50
2671301357: 251345364, 361933, 50
2302226141: 250256630, 226885, 50
3284852083: 247859409, 162397, 50
2605369937: 279322241, 179972, 47
3492917707: 274025666, 147394, 50
2933055107: 202930476, 169551, 48
2255925179: 247197795, 185770, 50
2135851811: 91197149, 200654, 50
3385758049: 372289237, 270201, 50
1593030539: 110062402, 85077, 46
2574599777: 241049495, 181890, 50
2165093507: 213750729, 233973, 50
2543173891: 256652409, 210922, 50
2603162833: 264390147, 232561, 50
3262042361: 274269202, 221352, 50
3251929697: 266334826, 214284, 50
1543680163: 95520854, 91946, 50
1551206807: 82302803, 65662, 48
