39917: 96317, 767, 500
27331: 21490, 687, 25
29177: 26742, 361, 25
28459: 33105, 567, 25
32743: 81950, 3229, 43
24287: 18751, 389, 25
29503: 21063, 902, 15
51529: 181506, 9363, 16
33127: 161419, 6925, 31
35909: 266452, 8753, 15
38579: 78993, 575, 100
43039: 54133, 596, 15
25021: 86837, 548, 15
53743: 47891, 1508, 15
34387: 131197, 4836, 15
18209: 50758, 469, 21
37523: 90741, 3721, 15
25591: 36292, 329, 16
34189: 38055, 277, 16
26989: 55529, 254, 15
39283: 54125, 1171, 211
39407: 30157, 1223, 15
29329: 30463, 1341, 16
31373: 30642, 565, 15
22657: 17448, 848, 16
41989: 14331, 368, 15
50621: 20120, 758, 15
28417: 21543, 848, 25
52961: 23327, 1139, 16
34427: 18524, 724, 15
