12357841: 112500, 2874, 73
12661279: 18416, 355, 57
9871879: 25541, 704, 15
9867413: 246947, 5920, 15
9492029: 62743, 1841, 15
8226613: 303713, 9285, 15
7478063: 71725, 958, 15
15002629: 27974, 1094, 25
12253019: 48744, 1708, 15
11131381: 126393, 1815, 16
5014511: 32123, 1319, 15
10995899: 26081, 734, 15
12321047: 42903, 639, 15
11642627: 29645, 1383, 15
8617123: 313495, 11733, 31
6156947: 206151, 6332, 15
9670417: 497435, 14362, 111
5932679: 64169, 462, 16
10655717: 177753, 8517, 15
7441241: 467646, 6183, 15
14255729: 14304, 195, 15
9615143: 32211, 1475, 15
5287259: 35116, 717, 15
7923901: 12707, 428, 15
8662207: 238909, 4152, 15
14960983: 18153, 668, 15
8286119: 13761, 181, 15
7556377: 76402, 2285, 15
7713557: 385041, 18929, 16
9735293: 100333, 4826, 16
