2399640959: 6168100, 270251, 15
2247587249: 993034, 29876, 15
1475543261: 1446620, 48836, 21
3814343837: 61462, 629, 15
2182670033: 469300, 3393, 15
2090996293: 16414950, 814088, 25
1729821733: 1389353, 47588, 15
2478448111: 10796940, 506487, 15
3670386383: 2356591, 94948, 36
2865697987: 19658754, 695261, 15
2318405893: 337411, 14628, 16
3112363367: 9090145, 452431, 15
2011944359: 42544532, 704331, 15
1882885649: 19373680, 546011, 15
2558571731: 4407481, 171694, 43
2272396873: 37635523, 1113299, 15
3483334559: 83527, 875, 15
1574317937: 7435342, 355785, 16
2509788397: 226167, 10637, 16
3681930631: 28959, 207, 15
2533612747: 2623004, 94392, 49
2064198673: 4627045, 227322, 16
2270393009: 27342981, 1037954, 15
1445533381: 93364, 450, 15
3878718659: 467304, 11110, 15
2027401121: 7266970, 342755, 15
2581989853: 2756622, 105520, 15
1973073197: 1760912, 81046, 31
1792348501: 22149055, 968072, 21
3070147273: 248204, 10845, 15
