2506710611: 841690, 29605, 43
2641568023: 638826, 21578, 133
2980810319: 296845, 10694, 49
1816208231: 241473, 10910, 21
2207719973: 207111, 8679, 43
3305622053: 335310, 11739, 36
3827172709: 236910, 11699, 21
1702222957: 226193, 9632, 49
1548647609: 198993, 9308, 31
3595407749: 207992, 10334, 16
3112147433: 186138, 8308, 15
2259954017: 191100, 8180, 64
2284885403: 237378, 10343, 21
1874681161: 221901, 10382, 21
2562649043: 201008, 6595, 49
1393889737: 170754, 6768, 43
1928338793: 162835, 6026, 43
2524197983: 177533, 7171, 25
1839511199: 179330, 7706, 43
2752438817: 208019, 9450, 31
2253977639: 192129, 7488, 36
1271686877: 130693, 5834, 16
2130818321: 254746, 11121, 36
2516419991: 172391, 7932, 16
1847446033: 194579, 8131, 43
2189841769: 171295, 9219, 16
2215020079: 174026, 8720, 36
1383828973: 155417, 7059, 31
2528027137: 203983, 9440, 16
1969789403: 454169, 18128, 49
