12879869: 77163, 1557, 91
10889369: 57667, 2605, 25
5677033: 38983, 1582, 31
14077387: 36202, 1778, 15
10486991: 46075, 2119, 21
5305969: 51948, 1788, 64
6715207: 49093, 1597, 256
13415531: 43757, 1631, 43
8568809: 38662, 1836, 21
8641531: 41217, 1612, 91
11737273: 42448, 1325, 64
15147439: 48249, 1780, 43
4994201: 33834, 1067, 15
7927963: 30727, 1289, 15
5227421: 38881, 1394, 15
8186819: 42634, 1936, 25
8960779: 38188, 1747, 16
6765331: 55104, 2172, 25
15967967: 53257, 2192, 25
5234503: 51431, 2273, 21
10365853: 55083, 2261, 31
9893701: 49495, 2150, 16
10574359: 58324, 2820, 15
7706737: 93809, 4571, 21
8133817: 53076, 1518, 49
5419223: 46865, 2154, 15
9413783: 51471, 2257, 16
11042033: 51258, 2197, 16
10286021: 57753, 2585, 16
5328887: 40138, 1786, 15
