19519: 90348, 2138, 57
34387: 62373, 1494, 15
63001: 100497, 4325, 43
40349: 67106, 2956, 15
39271: 64854, 3050, 15
57479: 64966, 3083, 15
31309: 47490, 2169, 16
55687: 42501, 953, 73
29213: 24656, 637, 15
48319: 30881, 1356, 21
36581: 39052, 1526, 15
34579: 35195, 1334, 49
32041: 37674, 1788, 25
47053: 35358, 1449, 49
44461: 36464, 1437, 21
23449: 34950, 1478, 43
44521: 24215, 366, 81
55189: 28058, 1098, 31
49163: 22683, 1001, 16
51143: 23741, 967, 15
47053: 20804, 677, 15
26167: 18456, 204, 43
29329: 24256, 457, 15
38293: 23427, 832, 15
44521: 30499, 1365, 15
45901: 27820, 1275, 15
53297: 26217, 792, 21
32041: 26244, 880, 81
33227: 26937, 1057, 15
51959: 29188, 1394, 15
