7747951: 157456127, 3229408, 49
10584713: 174669460, 4007459, 15
4726781: 174910628, 3737650, 15
7267697: 170321446, 2447236, 15
8871827: 190938436, 5155983, 15
9285707: 192335010, 2604343, 15
7152077: 154444314, 3878938, 15
10123037: 214657885, 6929143, 15
12165847: 203533391, 3325336, 14
12068887: 173090364, 2193480, 15
9562153: 192618689, 1633736, 14
9033881: 205248273, 3503253, 15
12691253: 192995080, 3984486, 15
8121017: 169476113, 2185442, 14
12007717: 201169654, 3549078, 15
6671237: 168589677, 3235976, 13
7000817: 159878370, 3025604, 15
14491063: 224713508, 8374409, 15
12092887: 191972589, 3407085, 15
11260169: 212993770, 4008099, 15
10644059: 189673266, 3588067, 15
9119447: 211511722, 3490112, 15
4347209: 159348579, 2375171, 12
16272931: 190473485, 2734929, 14
10193363: 179772508, 3799648, 15
8560873: 210452363, 4512382, 15
9606031: 183338997, 2170276, 13
12720251: 178930575, 3089390, 15
14968969: 192853527, 3580531, 15
8936359: 226489667, 3884930, 15
