78004
40551248
26099
26392
33431
31671
34896
44281
43694
46040
60703
39295
43694
46040
53372
37242
37243
64808
46333
41054
45747
40469
82989
41934
43108
52784
45453
50732
51612
48094
58357
47507
49266
42521
54544
80056
49852
48386
58063
55717
50146
74778
47506
61289
66274
63928
71845
60410
158941
55424
48093
68914
59823
389140
52198
59823
57770
51905
61583
53958
69207
60116
58063
58943
66861
66860
141052
77711
62461
47507
19647
17595
25512
78884
17888
34897
16422
20527
39882
18182
28445
18768
37536
19648
26978
17595
16716
26099
19648
18182
21113
16715
27565
22287
18474
21408
17888
29911
22873
20234
23753
19061
28738
23166
24046
20234
19648
28152
23460
26099
20527
22580
22287
121111
21701
78590
21114
82696
24926
80643
21408
64807
24633
127269
29912
63341
22287
95599
27859
66861
26979
78884
156888
65688
11143
9970
13490
11730
9384
10263
23460
14076
12023
9091
10263
9384
13197
13490
10850
8211
11730
13196
14076
10851
9384
8504
9970
12902
11436
9678
11143
10850
13196
12024
9678
9090
9971
13490
14956
12316
10264
148970
13196
11730
10557
13489
16129
14076
12903
12316
14956
14370
11143
11730
11144
14369
11730
10557
10264
10264
14955
12610
11730
11730
13196
16716
15249
13489
14076
16422
15249
14076
14369
13196
15835
16715
13783
14369
14369
16422
15542
14663
15836
13782
16129
16422
13490
13490
12316
15836
16422
14663
12610
12317
15835
15543
13783
11730
12316
15835
15835
13782
12316
12316
16422
18474
14955
15542
17301
16129
17008
16422
16129
16715
16129
17009
17009
16422
16716
18474
17595
17888
17595
23166
16422
20527
19648
16129
16422
13782
14076
13783
14076
15836
15249
14955
14076
13490
13490
14369
14662
14370
14369
14663
14956
15249
14662
13783
13783
40761
15249
14663
14663
12317
15542
14956
14956
14076
13783
15835
14956
13197
12903
13489
17595
14663
14662
14663
16129
14955
15249
14369
13490
17302
15835
14076
17008
16715
16715
16128
15835
17301
16422
16128
13196
15836
15249
15249
14956
13489
61582
15249
14369
13196
14076
16422
16421
14956
13782
13196
14956
16128
15249
14369
13489
13782
15249
17595
15542
13783
14956
14369
17008
15835
13783
14369
15836
17008
16422
15542
14369
13783
14076
19354
16716
14956
14955
14369
17595
16129
16421
17595
17889
19355
17008
17595
16422
15542
17595
16422
14956
15542
14956
19648
16715
15835
14956
15541
17888
15835
18181
16129
16128
18182
17301
15835
16128
16715
32551
18768
15835
17302
16715
18768
18474
15836
15835
15542
19941
19355
16129
17008
16129
17301
20234
19941
19354
16716
17301
19061
17889
19648
20234
21114
19061
17008
17302
16715
19061
20527
19647
18475
19354
21115
19648
20821
19941
19354
20528
20527
19941
19648
19941
21114
20821
20235
19354
19941
21407
21114
19648
19941
19647
20821
20527
19941
20821
20527
21114
20234
20821
21114
21701
21700
20235
20821
21700
21700
21701
22287
20528
21994
21407
21114
21114
20820
21114
21700
21113
20820
20821
21114
21994
20820
21114
21114
38415
22580
21114
20821
20820
22874
21114
22873
21113
21701
21993
26392
21407
21114
21993
22286
21993
21701
21407
21407
22874
21993
21407
19648
20820
19354
22580
21700
19941
19354
19062
23459
23459
21114
20235
19648
21700
23460
22286
20528
20234
19647
24340
24340
23460
20527
20820
22873
22580
23167
21700
21700
23166
21114
21407
19941
51905
23167
20820
21994
21700
22580
23167
21408
21701
21114
22580
24047
22874
21407
20528
21114
23754
25219
24340
21701
22580
24633
22287
27859
23167
21994
24339
24633
22581
21700
21994
25512
24340
23167
24046
24047
24633
24339
23167
22581
21994
22873
23753
24047
22873
21407
34311
25219
24632
22580
22873
26686
25806
24046
26099
24340
24926
25806
22873
22287
22287
29912
24926
23167
22580
22287
23753
26099
24926
23460
22873
22579
25512
24926
23753
25806
25512
26686
24926
26685
26099
25219
26979
24927
24046
23167
25513
26685
24926
24927
24340
24340
27566
25219
25806
24633
24340
27565
26393
24046
23753
25806
25805
26979
26099
24340
25513
24339
28445
25806
25220
24339
25512
26979
26978
27858
25806
24926
27565
26685
27859
27565
26099
27272
27858
26099
26392
25513
26099
28739
26099
24926
25220
25220
29032
27859
25513
25513
25219
29324
29032
26979
25513
25806
31084
27272
28446
27858
25806
29618
29032
26979
26393
25513
30205
28445
27565
58063
28152
28444
28151
26979
26392
27272
30791
29325
27272
26392
27272
26979
29619
28152
28445
27565
51026
29912
28738
30498
28445
28738
29912
28739
26979
29619
29911
31671
29618
29325
28738
28152
29911
30791
27273
26685
38416
30791
29618
27565
28445
28152
30498
29911
29325
28152
28445
32258
30498
29618
28445
27565
30498
30205
29325
31378
29031
31964
30791
32550
30204
30205
32550
30497
29325
30498
32844
31084
29324
28151
28445
33430
32551
32257
29911
28445
33430
31670
33431
30498
67447
33136
30498
28445
30205
28152
32551
31085
31085
33137
29618
32844
31378
29618
28739
30205
33137
30791
29618
29324
28445
29911
35483
31378
33138
29619
35190
32258
35776
31378
29618
34016
31671
30497
32257
30205
33431
32257
31964
30498
30498
31084
32844
30205
30498
29618
31671
34017
34310
33724
32257
33723
34017
31085
30498
29618
118766
34017
31671
30498
31084
32844
34310
33137
31085
32843
32844
34017
32551
31084
30791
32258
34310
34896
31672
31377
32257
35483
34310
31671
34603
34017
35190
34310
36070
32844
32257
34016
33136
33723
32550
32844
37536
33723
33137
31671
31671
36363
33431
32551
35190
35483
35483
35190
33431
32257
33137
36069
34016
33137
33137
32551
35483
41935
34897
33137
32551
42814
34896
36950
34896
33430
38122
34897
33137
33137
31964
36656
34603
32844
33430
33430
36070
35776
33137
32843
32551
37829
36069
33430
32844
32844
37243
35484
33430
33723
33430
36069
35190
33137
33430
35777
36363
35776
34897
34896
34896
35190
38709
34896
34017
34017
33430
38708
35190
35190
34310
38416
37535
36070
36950
37829
75365
37829
35483
34604
34603
35189
37243
36363
35483
34310
34310
35776
37829
36949
34896
35776
37242
39881
36949
35189
34604
36949
39881
36656
39002
37535
38709
36657
38709
36949
37242
44574
36949
35776
34897
36656
38122
38122
35776
35777
34897
38415
38709
36069
36069
35483
58357
38709
36363
36362
36656
137533
38122
37242
35777
36069
40175
38709
38415
36363
36070
44574
39295
37242
36363
37536
40469
39002
38123
36363
36656
51318
41348
39002
37242
38416
37535
40761
38708
38709
36656
39002
40468
40468
38122
37829
37243
41641
41055
39882
37535
37243
41641
41055
39295
39002
37829
127270
40762
39295
43401
40175
41055
39296
39002
37829
38709
42521
40468
38415
37829
37829
44281
41641
39589
41934
49266
41641
55131
39296
41348
42228
39589
43108
40761
46334
44574
42227
39002
41641
43401
43107
40175
38709
39002
39588
43107
40762
41348
39588
80350
42814
42814
41642
41055
41934
41935
41935
39295
39295
40762
42813
41348
43694
41642
42521
42228
43400
42521
40762
41055
43401
41641
42521
40175
39588
44574
42228
43694
41348
39882
43401
41641
45161
41934
40761
45160
43694
41348
40761
40468
44574
42814
40468
39882
40175
45161
43402
41641
41054
41054
117593
45453
43108
40761
40762
46627
43694
49852
43694
41348
45159
43987
41055
41641
42521
46919
43694
41641
40762
41055
45747
45747
42228
41642
41348
47213
44280
42814
48679
44280
44574
43694
42814
42521
41348
45746
43108
43108
43988
44867
47799
46040
43694
43987
48092
46333
44573
44280
122578
45453
43694
45747
47213
43401
44867
46920
50439
52492
52199
45160
46920
52199
45161
44867
41934
47213
44867
43694
42521
47507
48093
46039
44280
42521
43694
48093
46626
43987
43400
42814
47506
48679
46333
45453
45453
47799
45747
56010
48386
46333
46920
46040
43694
43988
44574
47506
46040
43987
44573
44867
52492
46626
45454
43988
46041
47507
47507
45160
44867
43694
45161
48093
45747
44281
45746
44574
48093
46333
44867
44280
44574
47506
47507
44867
44574
44281
48093
47213
44574
44574
44280
73605
48679
45453
44573
44574
57770
46626
45453
45161
46040
51025
47507
45747
46040
45747
47213
47799
46040
46333
46333
44867
50439
47507
45161
46040
44867
48679
48093
46626
48386
56596
46920
49853
46626
45747
45453
48679
49559
48386
47506
46627
46920
49852
48386
46626
48385
47213
48093
48972
47800
46626
46627
48093
51318
47799
47213
46040
46920
55130
48679
46920
48679
47800
51318
50438
48386
47799
46626
47800
51025
48679
47213
47213
46627
50438
48679
47213
47507
47506
51905
49852
48093
47506
46920
53371
50438
47506
47506
48092
62461
51025
49853
49266
52199
51318
48386
47506
47507
48973
51612
48093
47800
47799
49559
58357
56010
51025
49559
61876
52198
52198
50145
51319
58650
51025
50439
49559
49852
55717
51905
49559
61875
50732
53078
52492
52491
49853
51025
53371
51026
50146
49266
49852
50439
52491
51319
49559
50438
90321
57770
51611
49559
49559
49265
55424
51905
49559
50439
49265
53958
53957
51025
50732
49851
54545
53372
51026
50145
49559
67447
53664
52198
50146
50145
70966
54251
51318
51318
50438
51318
54837
52198
50145
49852
50732
54251
52197
51025
53078
50438
53958
52784
52491
50732
51025
55131
54837
52492
50732
50439
52785
54251
53372
51612
50438
50438
55424
53664
51612
51905
51025
55131
52785
53078
51025
52492
54250
56304
52491
51905
53371
93253
54544
54838
56597
54838
53078
56597
53957
54250
53958
53372
56303
53958
53078
52784
53371
57770
54838
53371
52491
52492
53078
58063
54837
53664
53078
121405
57183
53957
52785
52198
323159
57770
54251
52491
52785
53665
56890
55424
54544
52784
53958
56303
55424
53371
53078
53078
56597
55423
52492
54837
54251
73019
55717
56890
55424
53664
57476
55424
54838
53957
55423
57476
56890
54837
54251
54544
54837
57477
56010
53958
53078
53078
59529
56011
54251
55717
55131
56891
56304
55424
54251
53957
58942
57476
56597
54544
53664
56010
57770
56891
55131
54545
93547
57477
60702
55130
54544
53958
60116
57477
54837
54544
54837
65395
58943
56597
55717
54838
58943
58943
58943
55716
56011
57770
60409
57770
56010
55424
55424
61582
59236
56889
56597
56597
59822
60703
57769
56304
57184
60703
59529
58063
57477
56011
57770
60703
59236
57183
56891
56597
60702
58943
57770
56597
59823
61876
60116
59529
57770
57770
58357
60703
61289
57184
56890
58649
62168
59823
57770
55424
56304
61288
62168
58650
60116
57769
75658
61289
59529
57477
56890
58356
61289
60116
58650
58064
56890
65100
60995
58063
57477
57477
64222
62462
58649
57476
57183
65688
64514
61582
59236
65687
62462
61582
59236
58356
63048
61875
60703
58650
58356
58356
65688
62755
58943
58942
58943
62462
60996
61289
58943
58649
64808
63929
59823
60409
59823
64808
63048
60410
60995
59529
62462
61875
65688
60116
58650
88268
62755
61582
59236
61289
63048
62755
61582
59237
59823
61582
63928
62169
59823
60409
60409
64808
64222
61289
59822
59530
66861
63341
61289
59823
59823
65394
63343
62462
60410
59822
64808
64808
62462
60995
60703
65688
64515
62169
60408
59822
123164
65102
61582
60409
60409
70966
64808
61875
61582
60996
65395
64808
62169
61582
61289
63342
65394
63342
61289
60409
83282
67741
64515
64221
61875
61289
64807
64221
62462
62168
62755
65688
66274
63928
65101
65394
82696
66274
63928
62462
69500
75658
65394
63635
61875
61289
66274
66567
65687
63048
61875
65101
67741
63928
61876
61875
70086
66861
63928
62755
62169
79764
66274
63929
63928
61875
67447
69206
63635
62462
62755
95013
66275
65101
63635
70380
73019
69499
66860
68034
65395
72725
68913
65101
63929
64514
88560
65687
63341
65101
65395
68034
72725
67740
65394
65101
67741
66274
64808
63928
65101
67741
67448
64222
63635
65688
73606
66567
64807
63635
64514
70087
67741
66275
64515
65394
68034
68033
67448
64807
64515
65687
96185
69500
65101
68326
65981
68327
66568
65101
64514
64221
69206
69499
66274
65101
64515
71553
68034
65688
65101
64808
70380
72432
66274
65394
65688
71553
68913
66567
65981
68913
70672
68620
67154
65981
65101
67447
70673
67154
65394
65981
71259
69500
67154
66274
67448
98238
71846
67447
65981
65395
70380
70380
67740
67447
65688
67154
70673
67740
66567
67154
67447
69794
68327
66273
67740
67154
70380
69500
66568
67447
66274
71845
77711
69500
66861
66568
72139
69792
68326
76245
68034
201462
73606
68620
66861
67154
136654
72432
68913
67447
67741
72432
70673
68327
67447
66861
68620
72726
69206
67154
67447
73312
73606
68913
69207
131082
71846
70380
67740
68620
68620
72725
70379
67448
68914
69500
75072
71553
70086
68327
69793
72432
89734
70379
69500
67740
72139
73019
71259
72432
86801
73313
71553
69500
68327
68327
72726
73605
80643
70673
69207
75365
73018
69793
68326
71260
73898
72725
70380
68914
68914
70086
72726
70966
70379
71552
70673
73019
73605
69794
70087
71553
75072
71552
70673
69793
86215
74192
71553
70086
69499
68913
85629
72432
70086
69793
70380
77418
74778
73312
73019
94426
75365
71846
70673
70086
110847
75072
73606
73311
70673
99411
74778
73312
83283
70673
72726
75071
73605
70672
70672
70086
76537
75658
71553
70673
73605
75952
74485
72139
70673
71846
83869
75365
73605
71552
71553
161286
74486
71846
71552
72725
74485
75658
73019
71846
71259
73606
78004
73898
72726
75952
75071
77124
73898
74192
73312
82990
76244
72139
73018
72432
81523
75365
73019
71846
71259
121991
76832
74485
73312
71259
75072
78004
74192
72140
72725
77124
78297
76831
75365
75071
109381
77418
75365
74192
72432
182987
76538
74192
74192
73312
83576
99117
77417
74485
72725
79763
78004
73899
74778
73899
78298
76831
73898
82696
74778
78590
76244
75072
73605
73019
107915
77418
75072
73898
75072
79764
76831
74778
73898
73019
123751
78590
76831
73899
73605
77124
79471
75951
75657
74192
79763
78004
75952
74778
74486
76831
79471
76538
73899
75658
100584
78297
76538
73899
74778
119352
79471
76244
75951
75951
80057
79178
74485
74778
75952
80057
79471
77124
77124
76245
88561
80351
76245
75657
75658
75658
79471
78004
75951
76537
76538
80057
81230
75951
74779
75072
80057
79764
76831
75951
75951
148384
81523
75951
75951
75658
120818
80350
78005
76538
77124
76831
79470
80643
77125
76244
83283
80057
88561
77711
76831
76245
80644
78590
78591
76538
76831
80350
82696
78590
77418
76538
81522
80350
80351
78590
78883
81230
81523
77711
76831
78591
83576
83576
79177
80350
83283
82696
78298
78297
77417
83575
80350
78004
78298
78004
85042
83576
78298
80350
77711
84455
82990
79470
79177
77417
85042
82989
82696
79763
85335
81816
79471
77711
79177
82990
81523
80350
79178
81230
82989
130496
80350
79177
82403
85335
81816
80057
78591
91494
83282
82110
78591
79470
82696
83283
81816
79470
80643
84748
82402
81230
78884
79764
203808
84162
81230
79177
79763
841